1160
1820
780
730
1990
1670
1080
1360
320
2350
1010
530
710
1340
1430
1970
3610
1860
2520
1700
1960
2680
1210
820
1500
1020
880
940
810
980
1140
430
1090
880
410
960
570
1090
2270
1310
830
970
600
600
1240
2870
920
1790
1680
1130
1100
1320
900
1580
760
420
910
1300
1230
1560
410
980
280
1120
650
820
650
840
460
650
660
1200
700
1320
1030
770
2060
820
1380
610
540
620
1130
1440
570
1400
800
560
530
1610
1600
2050
1150
1560
630
550
750
620
430
1120
2380
910
630
850
570
1020
1170
440
1270
450
710
670
530
820
540
630
490
720
1230
1170
880
1090
1610
930
1050
2050
2170
780
1990
540
1530
340
520
450
1400
950
580
340
1080
2620
520
410
1010
400
620
880
780
860
1510
640
310
480
1420
1080
950
770
500
820
910
1420
2380
1490
2040
540
2390
1150
1490
2010
650
1120
1450
1520
1060
1030
1260
2250
780
1060
1100
1790
1010
3070
660
1320
510
1110
910
700
810
710
600
600
2620
1940
1030
750
1390
1210
760
1600
810
650
450
820
1140
1740
1300
1270
940
920
620
480
0
